Frame,Left eye direction,Right eye direction
